8.0
23.0
48.0
83.0
128.0
183.0
248.0
323.0
408.0
503.0
608.0
723.0
848.0
983.0
1128.0
1283.0
1448.0
1623.0
1808.0
2003.0
2208.0
2423.0
2648.0
2883.0
3128.0
3383.0
3648.0
3923.0
4208.0
4503.0
4808.0
5123.0
5448.0
5783.0
6128.0
6483.0
6848.0
7223.0
7608.0
8003.0
8408.0
8823.0
9248.0
9683.0
10128.0
10583.0
11048.0
11523.0
12008.0
12503.0
13008.0
13523.0
14048.0
14583.0
15128.0
15683.0
16248.0
16823.0
17408.0
18003.0
18608.0
19223.0
19848.0
20483.0
21128.0
21783.0
22448.0
23123.0
23808.0
24503.0
25208.0
25923.0
26648.0
27383.0
28128.0
28883.0
29648.0
30423.0
31208.0
32003.0
32808.0
33623.0
34448.0
35283.0
36128.0
36983.0
37848.0
38723.0
39608.0
40503.0
41408.0
42323.0
43248.0
44183.0
45128.0
46083.0
47048.0
48023.0
49008.0
50003.0
